-1.50764290569749e-11
9.00236773498064e-10
-4.27648708827569e-09
-2.01876284386131e-08
-4.35401472538779e-08
-5.74988910413398e-08
2.67531233615969e-08
-1.37971070720894e-07
-9.97102830189073e-08
2.62500345212184e-07
3.86647780144481e-07
-4.23311336160411e-07
-2.98991682019275e-07
-7.47580101150335e-07
7.91967137813353e-07
-2.01250119697013e-06
-2.06301390273153e-06
1.11877251199212e-07
1.32173024023176e-07
-5.07353875178848e-06
-2.018218062896e-06
9.22062803871284e-07
2.29853932711618e-06
-7.1641665839945e-06
4.77541831340991e-06
-2.84601636388255e-06
2.76250280457208e-06
-2.17067961145993e-06
-2.95312888363709e-06
-7.97913803309816e-06
1.11875134700518e-06
-1.76891359416099e-05
-1.0191666042513e-05
6.80164804869306e-06
-8.47680950661217e-06
-4.57623986902416e-05
-2.86482067196892e-05
2.07935124313405e-06
6.88288738666655e-06
-3.27349665160166e-05
-3.80581045387146e-05
1.14387485335138e-05
-1.56687587601141e-05
-6.31947349164105e-05
-1.49206596818866e-05
1.74787072629099e-05
3.61472854477252e-05
-1.24289936180012e-05
-8.89097982987655e-05
2.81320077645208e-06
3.10665198676545e-05
-3.1681579027188e-05
3.38988071133613e-05
-2.450730572703e-05
2.81602108344538e-05
-4.63927314321351e-05
-5.89860871199901e-05
9.25993547850895e-06
-0.000117946877151748
-0.000211555307481217
9.8103527378659e-05
-1.40276146549801e-05
-0.000132507677258542
-0.000147878710466746
5.60153153351805e-05
1.69465922375585e-05
1.43241665648741e-05
-0.000162641472387669
-0.000163267958030771
5.45051558255561e-06
-0.000124349462850762
-0.000247563211922173
-0.000190920649294292
0.000344444100920096
3.45268096771717e-05
-0.000187665238877857
-0.000193144515938083
0.000122002486726193
0.000109956315244463
-0.000271545392868171
0.000186334594988876
0.000228522699682179
-0.000108099844650705
-0.000216055109246066
-0.000205718142088998
-0.000176865573503647
0.000351276673624099
-0.000104107997643711
-0.000715442861699065
-6.65141781162957e-05
0.000256163434757595
-6.39662534875902e-05
-0.000794873880583826
0.000204759339477171
0.000103742432510015
-0.000509091431308217
-0.00032307159069787
0.000202081628249203
-0.000432243463682207
4.56966506730554e-05
-0.000659236657027175
9.94413737416899e-05
-0.000224801516906732
0.000288021033123542
-0.000714657189840178
-0.00011439098538613
0.000518329209654776
0.000328484873879144
-0.00063992355657134
-0.000572512981532056
7.51074829002997e-05
-0.000225064902122357
-0.00111294217419275
0.000318786975964676
0.000873927314361895
-0.000664728085689221
-0.000946199281341218
-0.000617081575512133
-3.85958120494519e-06
8.70786181248192e-05
-0.000892830367549893
-0.000166407906485068
0.00118532704564997
-0.00064661789581677
-0.00137861786673479
-0.000559340337252193
0.00141795892754759
-0.000620162349562243
-0.00167822000525377
0.000423129907572863
0.00158254126200039
-0.00150316706037811
-0.00144599756176819
0.000121409203438913
-6.20789939263843e-05
-0.00203116722868808
-0.00205287416802876
0.000247216289082937
0.0013803285485495
-0.000931900339671676
-0.00156322099096295
-0.000696562863270408
0.00170476076464505
-0.000335843475080129
-0.00153961223576881
-0.000464394928614089
0.00260355179528599
-0.001086710963463
-0.00279519629148279
0.00134852175803941
0.000640441771998896
-0.00239540791171847
-0.000773254607488872
0.000234892041565191
0.00143707642467325
-0.000750023313600753
-0.000773477010621351
-0.00138649477411184
3.69430648925707e-05
0.00116704843118989
-0.000987750974302473
-0.00210058941019626
-0.00132372224966233
0.000182478166207261
0.000320069677679049
-0.00304913830632706
0.000813657135886676
0.000610404312062198
-0.00245231989303292
-0.00144578664600486
-0.000344889153626682
-0.000140397298414252
-0.00351216124220589
-0.000787402747466705
-0.000850394644396514
-7.52259610180439e-05
0.00095649019928532
-0.000492905654826863
-0.00332430095173719
0.00147560859331702
0.0012139666532964
-0.00339766928591533
-0.0055266225561605
0.0025366853685819
-0.00182089228694453
-0.0036272956747221
-0.00142937191800206
0.00133017322171075
0.00346436831960747
0.00203611585168692
-0.00189213482549018
-0.00192208891480371
0.000893451728076909
-0.00302482702809974
-0.000238930715960835
0.000987871082414143
0.00124948528151537
-0.0063790300470622
-0.00714764356055214
-0.00195217927184141
0.00185081690357884
0.0046302038268557
-0.00562397091361571
-0.000234563059966464
-0.00117035355990025
-0.000382449600318655
-0.0047179928640035
-0.000476614522229741
0.00342681701126103
-0.00189813553795529
-0.000259610753909291
-0.006517374788237
0.00126863529733878
-0.00550767869020926
-0.00531073958726196
0.00531572417102327
0.00214190510630479
-0.00873461970521385
-0.0077910380868434
-0.00208500754675447
0.00116871541194546
-0.00201649110433653
0.00572299275469623
0.00253772051127211
0.000971037253747854
-0.00654274324219588
0.00210224996317429
0.000218483840786373
0.00105154373839207
-0.00305604467960096
-0.00559582529560486
0.00132371944805591
-0.000612171769679216
-0.0116934044816387
0.000388827546783621
0.000878528518738924
-0.00144203707054439
-0.0128640083946313
0.00195093127751638
0.00662773323794349
0.00261345720401027
-0.0104214277054493
-0.00357226868164684
-0.00214319655466747
-0.00488184756244127
-0.00281419037643936
-0.00121591704627407
0.00225056062116166
0.00893383716652825
-0.0114557598720558
-0.00820334242918659
0.00542395945854352
0.00294982580474123
-0.00510097025792107
-0.0054292124485512
0.00843362602070093
-0.00583221477217355
-0.0110489506857318
-0.00953550572329671
0.00863329978637689
0.00881549644492093
-0.0189546780178567
-0.0148517050966954
0.00271585740929489
0.00643803628382963
-0.0125885788923678
-0.00834123530687797
-0.00204227547725251
0.00260403007325297
-0.00267863446238406
-0.0137723545618706
0.00626654845430492
0.00750938955585435
-0.00507739442123998
-0.0169830403009552
0.00509259618587047
0.00961007130540947
-0.0121929614661381
-0.0173355182337138
-0.00141804038607364
0.0166878861673894
-0.0178500494856178
-0.000313755782553139
-0.00380519412829188
0.00347172487070404
-0.00394027315344118
-0.0280909379061141
0.00198427188825192
0.012085992436587
-0.000619046854433983
-0.00750580838555609
-0.00327473125428858
0.0178197299633792
0.00445679892645079
-0.0271927866132974
-0.0013765291843418
0.0186212976207417
-0.0307194918195878
-0.0285010010247846
-0.00535888038396431
0.012398946525966
-0.00813686388102112
-0.00834650429268695
-0.0130333865353685
0.00595920622642273
0.0146815446415041
-0.0178982826587902
-0.0154438642114925
0.00946597683140353
-0.0044697213417289
-0.0137478610989148
-0.00602917286707248
0.0138736670633944
0.000285862875936071
-0.0124101070587166
-0.00692001168560276
0.0207374514935712
0.00193014381131296
-0.0191846290917698
-0.00968294999225354
-0.00160357223514773
-7.70775787412338e-05
-0.0129146421467221
0.000549675052843019
-7.92554680750276e-05
-0.00599928334285632
-0.020909057297313
-0.0163762742295638
-0.0125800591846219
0.00132761261751528
-0.00192587173494997
0.00211239795657093
-0.0141536407724351
-0.0264986264558816
-0.0257827921445598
0.00691974031683808
0.0260712799746597
-0.0180118297271432
-0.0192519588275764
-0.00853163606175239
-0.0125446066392908
-0.0122859543363067
-0.0181719473835618
0.0104349010404088
0.00559506095370384
-0.0159751799199468
0.00115791343958768
-0.00554784621795838
-0.000294519960683407
-0.0303003816373688
-0.013482889250623
-0.0163183458919494
0.0190994273006072
-0.0164960233331873
-0.0114698259881415
-0.00969140840561739
-0.00620034344098109
-0.00148368363309522
-0.00566406829711892
-0.0304977817018446
0.0149961586167292
-0.016655344674658
0.00894940543566994
0.00211666426764945
0.00348208544320004
-0.00475659928319059
-0.0131312149066095
-0.032349195307001
-0.00673171315465394
-0.0318271216452623
-0.0161610783555827
0.0279466302093613
0.00431585120964645
-0.00797628908610845
-0.0322839355660637
0.0083507187054779
-0.00321849802482768
0.00436720292810764
-0.044271451113595
0.00405664537846877
0.0107330315559305
-0.0118480523321838
-0.0290745511457639
0.00667161196366802
-0.024917682198986
-0.0349443008513974
-0.0261107547215031
0.0322504862889215
0.0248846919195224
-0.0123326292744264
-0.0454286834573793
0.00528722701504631
0.0203287850073049
-0.020342009631778
-0.032736780148097
0.0180694191390941
-0.000433460097150242
-0.0186329109650512
-0.0410639040695916
0.0115243601695722
-0.0217311942635008
-0.0322378579970885
-0.00800550972381941
0.0217581989926031
-0.000306534274220883
-0.0430728597144721
-0.0642226621063994
0.0122168675946175
-0.0279224667434887
-0.0406746617322636
-0.0374447993057029
0.0536660618961421
0.0290520331515115
-0.0413523481866002
-0.0995816504760755
0.0228736487548735
0.070602041891824
-0.0151261375671619
-0.0218309177310019
0.0749755750996568
-0.00394609838975388
-0.0727249130128229
-0.0652201090824655
0.00280160867483116
0.00669879099049682
-0.013132820175192
-0.00964765127781666
0.0499991144024971
-0.00760404385140433
-0.0521227472389091
0.00697106208640785
0.0426549641122825
0.0189578110128879
-0.0396590656711676
-0.0495186917779643
0.056660396707597
0.00801015553340642
-0.0293666609497925
-0.0436547312120482
-0.0279919653455312
-0.0363848142555464
-0.0326768317223627
-0.0342681713400345
0.0340833495055292
-0.0268745169223706
-0.0147311563785604
-0.0594905707073489
0.0281912662345852
0.00390510350381953
-0.0330849800000148
-0.00395261904099836
0
0.0176854952153578
-0.0379120386678008
-0.00916151615198422
0.00471503598137896
0.00215582963471637
-0.0680902443117945
-0.0126506479967366
0.0204026234787582
-0.000220653152646793
-0.0674651672736658
0.00781193789288346
-0.014141805954368
-0.0279929386478987
-0.0367784336606195
-0.0159814660451602
0.0456878790705072
0.0214708494755169
0.0269297094413001
-0.017040918918391
-0.0147875515848261
0.0035401501884304
-0.0643077900610406
-0.00238587316512063
0.0501344111746267
-0.039792855845594
-0.0666767883087171
-0.0258379450881529
0.0392077173128048
-0.0522247391982692
-0.0262497113008453
-0.00995740882994476
0.0357832292461142
-0.0794835428563219
-0.0371658128266058
-0.0315118360296193
0.010217092434319
-0.00821527743229922
-0.0418005351689889
0.0822072912377075
0.00755828092489411
-0.0686262101893882
-0.0336939676681777
0.00449711883935157
0.0146211393861977
-0.0390026688558369
-0.0472462089949138
-0.0188823083071985
-0.00162630121489198
-0.0653647560938246
-0.0883909085131217
0.0173224107052559
-0.0505558761611162
0.000832692529823971
0.00780826292559659
0.0277366959504099
-0.0194214626768837
-0.0805900126326861
0.0267028719573144
-0.0048513550618087
-0.0825621396793019
-0.100214907111192
0.0919888490170678
0.0281854618530329
-0.0186796680929038
-0.027264549151653
-0.0435806532947191
-0.0239565444077608
-0.00683226396729335
-0.0310283245638422
-0.0227728470552332
-0.0529646062220883
-0.0275026431266709
-0.0236743601189042
-0.00304806990503434
0.0275485918536432
-0.0497960167238256
-0.0824146260652948
0.0179773319932292
0.0149394116515697
0.0212513734846523
-0.0524048212451367
-0.0488375674842157
-0.020247003118083
-0.0533629005170057
-0.0382694046524099
-0.0262552159590739
-0.00900081940717112
0.00645456980336594
-0.0336957380572904
-0.0640771592321116
0.0806529859487869
-0.0334349940177766
-0.0286278703003775
-0.0194886457778916
0.000994722498769913
-0.0482604003269832
-0.0170383110739447
-0.0264915973916428
0.00942442872779211
-0.0783776463204373
-0.0915517243365212
0.0282468947222379
0.0884654276035863
-0.00308523953690816
-0.124886918352174
-0.0338369920410235
0.0128207718035933
0.0111275778175321
-0.0164012971667054
-0.0493765351301526
0.0214360120600886
-0.0518365000194221
-0.129153718768387
-0.00213035790634865
0.140370674996599
0.0121542879069735
-0.0659979537782193
-0.0503841986087935
0.0061384759210808
-0.110858765551742
-0.11049709226049
0.0302674411772402
0.0596344582782411
-0.0568912084052562
-0.0747489381395708
0.0775738904353697
0.0266813522518563
-0.184757714336991
-0.0932285345788158
0.0273077668343845
-0.0172610602674416
-0.0937232078650735
-0.0974086506959765
0.111338932601664
-0.00303880969238149
-0.106297589768674
-0.00764270024431484
0.0344944233200254
0.0357495699240174
-0.081347419287328
-0.0309326219145911
-0.0283078581839248
-0.0256671404206272
-0.159513801828554
0.0293338892112861
0.0886425578740999
-0.0825982095635226
-0.121087486822416
-0.0664464505929674
0.0912187320307544
-0.122487758337229
-0.060612671870035
0.13914546633376
0.123481707034654
-0.140291562291145
-0.133407568684543
0.0808203944817825
-0.0583423757080351
-0.0641802660900662
-0.164935609028563
0.18454615335251
0.0659009662326187
-0.105460680088962
-0.0802187325596576
0.0907276819929635
-0.125264477006113
-0.14960733727527
-0.085578670053684
0.146583752218607
0.004174267465559
-0.0623441765525771
-0.0637492118800422
0.0962676971803936
0.00252814795617944
-0.166397143238837
-0.0474087332805378
0.0530314263866249
0.0208350539153848
-0.0937537770937126
-0.0337406171986004
0.163508913193099
-0.0703503653370269
-0.162069243612336
0.0486818140973935
0.114839505515706
-0.142337474874567
-0.0719676706421143
0.0343205918191583
-0.0230724751392718
-0.0357696864391146
-0.100969114876805
-0.0240883400562976
0.0688975499790498
-0.0532036915176911
-0.091195065769566
-0.0384022947132836
0.0367066941723844
-0.00443086754588447
-0.0958862720679339
0.0511454220671575
0.00891122671737931
-0.161587203504994
-0.175741434349292
0.00895956979742963
-0.0529550076676938
-0.0534973383542392
0.0103577530548888
0.0351865864127679
-0.1034796960643
-0.0796639372373662
-0.0834235494071795
0.0495007047111994
0.0641372503110176
-0.103422662775428
0.0342248886486107
0.0319935201629012
-0.052184836122683
-0.0981117462339435
-0.0257131502240981
-0.00919707115020375
0.111449843672369
-0.185868562896769
-0.0189371139520565
0.136912444433907
0.0194542284238142
-0.138225036656523
-0.0366940361585312
0.0176742966418774
-0.0549569849535556
-0.0890735570651605
0.0196124313688138
-0.0261835822109686
-0.0992494131939618
-0.0309370732404178
0.0366070925940431
0.103376254429599
-0.0536318231678861
-0.0720644120342778
0.0150897901827088
-0.00802560973211138
-0.11768373156596
-0.0506268483065161
0.104205796087661
-0.0265534735004688
-0.0346507241237236
-0.0860035111262422
-0.0432831787347654
-0.008570030978935
-0.26688367692367
0.141679327294705
0.0639827384821899
0.0573507606783074
-0.0320497433420376
-0.204437863978004
-0.0311474427042682
-0.0561128511191775
-0.0383995146352768
-0.114811328820101
0.0264418860421554
0.010584908345795
-0.141077738075035
0.0159009473652795
0.0549697586720435
-0.0815468723537979
-0.121195818672725
0.0623287764528834
0.000966953315273279
-0.0953037477412642
-0.149091990058468
0.0217955347430957
-0.00533077895540192
-0.13964486904464
-0.0771357369855483
0.118916492371918
-0.116545686395018
-0.0646155422480515
-0.0369394770555914
-0.0136150224818613
0.000486446259548541
-0.153775736918533
0.0696135753307626
0.122717608906737
-0.0594300180355889
-0.140823384746213
-0.116004806742431
-0.0238895713785262
-0.144347200785805
-0.059995301625121
0.123429562797605
0.118084150337757
-0.0893091400606291
-0.0449047402533479
0.0434455046531439
0.0170869387772603
-0.233864325649901
-0.152825519137233
0.132811083335226
0.0888671875
-0.0419917395839316
-0.0166008551139486
0.129870377083243
0.0673713586074834
-0.170853108186521
-0.225011796269494
0.0512429492151151
-0.102469717235244
-0.18490041225412
-0.10584536953375
0.177508044209571
0.114084891889288
-0.12916501591069
0.0155929007331447
0.00730696943060519
-0.0501583877674363
-0.260442397216489
0.00875937741941013
0.265113211453955
-0.0150737748906322
-0.116650980175552
0.0670446979716625
0.11508886531508
-0.21016669876343
-0.213942515790106
0.0145463405254833
0.148777194482581
-0.0242172608256619
-0.25365000906051
-0.00483775369244996
0.0580171989163967
-0.157513031966202
-0.156926856847154
0.0979527519989407
0.0761861567559901
-0.219240334884914
0.0650016881915691
0.195820804397207
0.0187497010117102
-0.201280112031892
-0.0662391627458525
0.0920826274776246
-0.10781807089939
-0.190553325206665
0.0172207576166172
0.192602971277982
-0.011459594952034
-0.139771188206561
-0.058619093324306
0.153784444788667
-0.176937829553107
-0.11546327736838
-0.056485426996207
0.106688063171526
0.0208411592175322
-0.207238874376206
-0.0874357041755123
0.209610042415144
-0.192394824829537
-0.210070116126065
0.156190923611738
0.0361816890503597
-0.171302420472125
0.00374994827156579
0.122657293664236
-0.0766804907606937
-0.260565159614241
-0.0172550869707379
0.126214770528929
-0.010232487529508
-0.0613115540876724
-0.0250474898639337
0.0768905218655515
0.0781696050990886
-0.206922610988324
-0.177566741228923
0.128950232348196
0.0496641842111002
-0.201113567824196
-0.0421788815585178
0.174407215462651
-0.116090773162527
-0.117733616951221
0.0724414245871939
0.105985668953667
-0.185287041487792
-0.0707286614539131
0.0534110488295978
-0.044283887398696
-0.132175254088987
-0.0846633727964823
0.0917097228929815
0.0412869551307443
-0.0689886874402082
-0.0451651014485457
0.00803472282621515
-0.0436650109151586
-0.153436266201472
-0.146492915659343
0.152421843578426
0.0539544179401313
-0.103288930608142
-0.0801811689374928
0.0866208861899598
-0.0320351665507684
-0.135770643953678
0.0222918825052687
0.116033373082982
-0.11100907850027
-0.178553965033849
0.0537589828892902
0.0393699398589227
-0.114839505515706
-0.00215406257068113
0.0971555677888273
-0.0484731175797807
-0.107008451042604
-0.074314777120968
0.0669061045623313
-0.0582531099266881
0.00933353104404599
-0.0435991029276374
0.0190047498623037
-0.0387649353280848
-0.175720076076002
-0.0285193842621241
0.0656915148909705
0.0171144966087919
-0.199886934843555
0.0851632396165302
0.103191764491807
-0.107901084153781
-0.134029530216878
-0.039492299106293
0.034879991469112
-0.158817235392895
-0.0824741658787764
0.0435755806569289
-0.0398080131444715
-0.0530753556788375
-0.00686973353095151
0.0124943644387336
0.00602972330764232
-0.0785792681129614
-0.0775695990481307
0.132390835926655
0.0815259430491298
-0.138811113959844
-0.103229307171217
0.0528525186781882
-0.0609653451540286
-0.18512958989635
0.095041801044567
0.0924322030155679
-0.0871127190033407
-0.055452379730154
0.149249900737902
0.0528179926178386
-0.194124008727191
-0.00498252781289255
0.115404773689154
-0.00533392923570405
-0.0816680104827525
-0.064758358758111
0.0687146295607276
-0.0286062803122313
-0.108069246891808
-0.0576081656506194
0.123061665644037
0.0133828525475487
-0.107095983344257
0.0280743603480386
0.0257754959101968
0.0267939239586045
-0.144147095470104
-0.0185980662655331
0.171197797548324
-0.110134198456633
-0.201486444939005
0.115163882534385
0.0150647503189414
-0.0546942955813806
0.00356270748722332
0.0546791862629487
-0.00318461224360406
-0.17984091843473
-0.00527115050657917
0.0378203247805424
-0.056532130659708
-0.0681564141323839
-0.0377693007186938
0.0176090468784918
0.0808496578863939
-0.120324341939418
0.00751443786594169
0.0861019802979058
-0.0773103449952846
-0.0817559931445941
0.0750588430820586
0.0955709526154204
-0.0698236669500871
-0.145114031328032
0.0888618765567789
0.00858821678347766
-0.204672819848676
-0.094732483050367
0.120816213769438
0.116770051595574
-0.13121897993464
-0.0335637629775029
0.0433968078560036
0.0140881646609665
-0.0117997331011597
-0.0168347245678649
0.00854170444044125
-0.0611257296254055
-0.0778227285556522
-0.0437528277625194
0.123872621610932
-0.0489727319815554
-0.173163315440563
0.0614765638565748
0.0710141478893913
-0.140820829612587
-0.074361772168353
0.0516807909303377
0.0475477714948293
-0.11506280617381
-0.0605649027544228
0.107236838790996
0.0186328678727028
-0.104829139006216
0.00996768463608818
0.0504934778136306
-0.117100423987343
-0.124098164240007
0.0472277148455044
0.0599148860867156
-0.0476574291365914
-0.114765534795266
0.0118764229142906
0.0816264373376273
-0.0484691757517264
-0.0429454460907813
0.120740416824476
0.0256923305081082
-0.159476162048388
-0.147774274294383
0.0699947596504705
-0.0276471206531636
-0.114372838889317
-0.00510044301649637
0.0908281329519489
-0.0332298622413583
-0.0933813500171238
0.00447498008092985
0.0730790558886997
-0.0479559893165695
-0.0635356036379759
0.0836010703379779
0.00616145807422441
-0.0916984045980128
-0.113340958622663
-0.0371658128266058
0.00754590596737234
-0.0830771476203491
-0.0278807447238453
0.102027179773097
0.0142879003466963
-0.123504309535335
-0.02266914050187
0.0797696849220652
0.048957271131246
-0.0386202880340426
0.0212342711695736
0.0348828233910442
-0.0840195644720816
-0.101400353724522
0.0275455949639746
0.0201972820809751
-0.11104815696477
0.00298463531616379
0.0127851728361282
-0.0192973263034115
-0.0927830466474706
-0.0282836119087361
0.0767801895757688
0.0583662466874149
0.0207413963487985
-0.012066067648728
0.0102513871697693
-0.0654880693699425
-0.116845966201627
-0.0257183780802489
-0.01406186200072
-0.00465958017146155
-0.0865326015894292
0.046670798053066
0.0956949873083813
-0.0636885865000286
-0.0429561385420148
0.0416740457380825
-0.0292376866275025
-0.0686108653248018
0.0142394828469277
0.054613086342193
-0.0263448947296219
-0.0492120959674137
-0.00978086404718989
-0.00738676863284851
-0.0554376453887515
-0.013243788271475
0
0.0185709661449649
-0.0160041399282394
-0.0202036749645571
-0.00762029658361182
0.0230816905369494
-0.00623726607731229
-0.0749036682349358
-0.00181048663128675
-0.0251794101307539
-0.0619950924704145
-0.012600408546468
0.0220354966792658
0.0192610596394643
-0.0518282466841992
0.00120920282919183
-0.00823533576992114
-0.0204478841180882
-0.053984982606121
0.0179832968854036
0.00968065822630211
-0.0241996573783444
0.0283108163336942
0.00702826471155655
0.0344079945705053
-0.00273970886556881
-0.0404851889929181
-0.0497311293835879
0.0252406479037186
-0.019734939960536
-0.0320335796462912
0.013276938836719
0.00275880846798794
-0.0266271665993395
-0.00105733147295728
0.0364362767129884
-0.0278337899128401
-0.0554055777383277
0.01407905282386
0.0455632900942267
-0.0306311801986171
-0.0154880735477949
-0.0200690695690508
0.0151152432680572
-0.0335074456327302
-0.0175313316814693
0.00745637965561849
-0.0330240406126308
-0.0420184142247673
-0.0187565589713811
0.00749847315079063
0.000531472256295018
-0.0108108462450627
-0.00418610946739954
0.0221953046693109
0.023052188776749
-0.0408877392606876
-0.00253540336154298
0.00226388102285429
-0.0270766581542674
-0.0414691091660489
-0.00663145308964421
0.00523852539373864
-0.0112393164395164
-0.0321291145607014
0.0237843661356266
0.0226491025129334
-0.0351034429910981
-0.00301766451760349
-0.00161170368077585
-0.024778031606385
-0.02310348223264
0.0132543897515356
-0.00657279956796409
0.00784454056706871
-0.0191755613030602
0.00532472298709949
0.00420287451014819
-0.0147479514151398
-0.0293557404548125
-0.0125057774487585
0.0174028516530979
-0.0117798212851183
-0.0211067130846993
0.031392143807913
0.0133971605162301
-0.0231705948603299
0.00920893951723953
0.0244451567367228
0.0203421027991807
-0.0577026864061191
0.00535694655998216
-0.00806068103499706
-0.00413635716917104
-0.0041935263192835
0.0051730334047607
0.0152000343220604
-0.00807782563293577
-0.0291478255146483
-0.0130184511889253
-0.0167916718480859
-0.0066569653680974
-0.00798658881245622
0.00877551915097379
0.0106578620274361
-0.0059147142783986
0.00427041123836733
0.00497854731568229
-0.0140600661475186
-0.0128728921804531
-0.0101719738203145
0.0127984711314268
-0.00515160542487679
-0.0238716022948968
0.0174269869931672
0.00578081840559253
-0.029780627224172
-0.0043119386684254
0.0215077677708513
0.00319216091870989
-0.0241936934091664
-0.013621496686397
0.00721517852250963
-0.0108627892855707
-0.0213767727201281
0.00855301267189352
0.00347168209568556
-0.0066701995407339
-0.0202258641649413
0.000472083185504138
0.00881557205582203
0.000595197755736654
-0.0235093959921512
0.00201012429152449
0.0111714749763656
-0.0249827148846977
-0.00805616830113525
0.0114655115191794
-0.00512030970791585
-0.00629047247995536
0.00259972661588277
0.00071818913965659
-0.0106638378875676
-0.0186481849817283
0.00696536676092999
0.000746868531679852
-0.000454897477912491
-0.00106926274856779
5.56958176801243e-05
-0.00562210368338044
0.00452727737127664
0.00421015487627962
-0.00491382597084264
-0.00766323817503225
-0.011295208171913
-0.0153665643397927
0.00435113596388989
-0.0173709947294021
-0.00305626188513452
-0.00193303047633896
0.0160331291676984
-0.0125617372584805
-0.0178945594131533
-0.00180318680380485
-0.00826032851143978
-0.0135543122122744
0.00298401015507196
0.00435845607438763
0.000448970702284995
-0.00732555334231877
-0.00430232136881074
-0.000477497820055331
-0.00836944716897851
-0.00131549343262721
8.39079383994093e-05
-0.0095395534881992
-0.00143508081661504
-0.00162127695518815
0.00104169390254502
-0.00122766118730354
-0.00313139048170392
-0.00901392138909778
0.00519980910565467
0.00778370276393881
0.00227771359606601
-0.00214006563670424
0.00288028467513662
-0.00969056416850004
-0.0175829305189839
-0.00256704570851252
0.00145910045552889
-0.00305442614028174
-0.00339017191836199
-0.00133949784666717
0.00281150775870353
-0.00470434354101786
-0.00380725864287916
0.00105151536948142
-0.00239146414663299
0.00049715974472005
-0.00131931051134913
-0.0032414672932781
0.00337980867588839
0.00224418873890035
-0.000787077989587564
-0.00397115834416774
-0.00022724163636974
-0.00173830064344275
-0.00456591360091294
-0.00554402745995421
-0.00204834611796469
0.000319158206936384
-0.00107601425415303
-0.00214929390240393
-0.000945315767516788
-0.00327679804454686
0.000646523419374085
-0.000122647502750263
-0.00750068884137098
-0.00541737342372553
-0.00355415023134092
0.000603532001950241
0.00235778524779303
-0.00385988957387616
-0.00189182456620696
0.00384020399980294
-0.00220669140822897
-0.00336972376401051
-0.00256485690413402
-0.00333630165560819
0.00124587690348144
0.00197263478059096
0.00150757407715965
-0.000390938433277441
-0.00130969185659544
-0.00125243218267408
-0.000766499929764975
-0.0011602574917548
-0.00469857787356093
0.00130439549981944
-3.51967684933908e-05
-0.00135182358646146
-0.00126291949865013
-0.000302482702809974
-0.00177035805378202
-0.00114022223759542
-0.0017638544983383
3.1567687623053e-05
-0.00461397933149516
-0.00314960555945304
4.5138060568486e-05
-0.0027981995204999
-0.000305909904206681
-0.00275165870490239
0.00188920260848344
0.00357795377863737
-0.000109120598049114
-0.00470853287503887
-0.00124001702167974
-0.0012711777413956
-0.00275469177394172
0.00131645431781577
0.00262513129357185
-0.000581466644283105
-0.004655101849839
-0.00062008806799628
0.000712770917495143
0.000237199371610173
-0.00156460228469521
0.00200561416820437
-0.00210908494433783
-0.00115656970239992
-0.00257088224974462
-0.000131789786705244
-6.96695920874913e-05
-0.00331209213979782
-0.000882263006173083
-0.001807042732165
-0.00195798243930625
-0.000924329849407892
0.000417855396542569
0.0017442402641878
-0.00205296632096178
0.000612397108366392
-0.002377346612386
-0.000282287127643591
-0.0016841246597008
-0.000131752125785459
0.00127606787219866
-0.000342388385748616
-0.00156796536690893
-0.000100023523086111
0.000223943597930009
-8.22473816522765e-05
-0.000476527615314168
1.31426955334039e-05
0.00133163269600547
-0.000881527348338072
-0.000782596989579404
-0.000428106256704598
-0.000802272663367561
-0.000877094939660764
-0.00047405777180148
0.000364227610316739
-0.000830909046687693
-0.000891351695452285
-0.000469092035316075
0.000972191335256698
-0.000196858651642671
-0.00225950623483918
0.000408484856611391
-0.000325517737253325
-0.000586360196565773
-0.000502439581208976
-0.000170550654050355
0.000707233602561537
-0.000896888687402393
-0.000455183685652464
0.00070630336050497
-0.00079769081712544
-0.000583122812919588
0.000493185353898454
0.000710283554302098
-0.000654530705970026
-0.000759574777638967
0.000250786605222055
-0.000350501586868065
-0.000545105445182117
-0.000459204404021101
8.35619416008349e-05
-0.000529536327701365
-0.000691793102097071
-0.00023292530631828
0.000509180040700548
-8.49250174980988e-05
-0.000150374760292312
-6.59236657027175e-05
0.000141659617086472
-0.000711539240215325
-0.000831974363111082
0.000248035608342236
-7.47475514222382e-05
-0.000354290194043637
-3.41265565795285e-05
0.000104636977351681
8.1734657234143e-05
-0.000221779081098858
0.000352525144016367
6.91326810181119e-05
-0.000439739751241348
-2.40189178546392e-05
1.44971781560367e-06
-4.19832943038771e-06
-0.000336235763764191
-4.94914951412865e-05
-5.39916268479873e-05
-8.95374027868626e-05
-0.000174814630601827
-2.80500804195059e-05
5.18240651580289e-05
-4.04980436644367e-05
-0.000132763174312526
7.48080876338719e-05
-0.000120647532675221
-0.000182965622240363
-5.51082492292509e-05
9.26525409476267e-05
0.000117575407566557
-0.00014313903169821
-2.49668926910895e-05
-2.04630950926773e-06
-0.000196841186759334
-7.53094795061871e-05
0.000115214738275296
-0.00011665205775752
-7.44542623995097e-05
-5.08494723062159e-05
-9.08759519434329e-05
1.1144586817488e-05
-6.21738524985601e-05
-0.000101238532503813
2.37911443241718e-06
4.50563373351261e-06
-3.338676432378e-05
-5.43723440828172e-05
-6.55808685862792e-05
4.122288213208e-05
-4.75430931220402e-05
4.02210992303939e-05
-1.49147923416015e-06
1.11939980741342e-05
6.77299906437757e-06
-2.18700080268748e-05
1.47008899956605e-05
-1.42443261455583e-05
-1.54174436756056e-05
-3.63632091948852e-05
1.55812722718157e-05
-7.54470348153833e-06
1.29653665748358e-05
-2.97760888740076e-05
1.97162261930746e-06
-2.4954203266656e-05
-1.85737312098926e-05
2.22942694679972e-06
-6.45218483116098e-06
2.82978281889546e-06
1.49459973605048e-05
-5.90625776727418e-06
-1.64971650470955e-05
-1.31218883217174e-05
5.26897624124202e-06
-1.27912990537765e-05
3.91320023495498e-07
-3.19681906415009e-06
1.22173321512945e-06
3.41698305698234e-06
-4.02443412853731e-06
-6.02121553883359e-07
-2.44886872069387e-06
6.87671300910509e-07
-2.33208293211131e-07
-8.90963030040022e-07
-1.34107880740709e-06
-2.53689912016354e-07
3.52759446800342e-07
4.77939617123039e-07
1.51136562394894e-07
-4.00265564690185e-07
-2.10381419893562e-07
-3.18489563828534e-09
-6.90758489691263e-08
-1.88110344931802e-08
-1.73036815188112e-08
3.87783151224999e-09
2.19188083982137e-10
3.76910726424373e-11
